Time RV eRV BIS FWHM Contrast
52937.54807136 5.05067793 0.62752764 -55.31632201 6728.50198839 53.51423300
53149.83915923 -2.09400811 0.68862833 -59.21368513 6725.48862041 53.46219991
53149.91754728 -0.73500719 0.66114570 -58.76448932 6723.73543698 53.47811886
53150.81787706 -0.29299994 0.91582034 -56.23853141 6723.06370652 53.48853513
53157.85605970 4.30960021 0.75443742 -53.05802677 6723.52657812 53.49184779
53288.51173740 4.23204174 1.10467336 -60.77631218 6727.31588544 53.53971730
53288.51281684 2.64047345 1.05709568 -60.15238171 6728.62991133 53.54726716
53288.51386572 3.44928016 1.06815070 -60.05408485 6725.97026938 53.53062967
53288.51491264 2.75220897 1.08279027 -56.66090424 6725.35853197 53.53103686
53288.51596348 3.24322290 1.26215799 -60.60131498 6729.56534174 53.51372991
53288.51701943 4.30713836 1.17116347 -53.74838316 6728.75548990 53.52097577
53288.51809482 2.70994953 1.04158530 -62.64137017 6727.91109137 53.49098496
53288.51913676 3.49921704 1.06946240 -58.96106621 6722.30186010 53.56723238
53288.52020196 5.42035456 1.08445848 -60.37243754 6723.73070352 53.53596656
53288.52127213 1.22171296 1.09991443 -60.86312791 6729.96127780 53.52860713
53289.55156685 -0.55543625 1.04700218 -60.43843028 6724.21360450 53.59890823
53289.55261423 -0.72645529 0.96687779 -60.31500894 6727.56348162 53.57369558
53289.55366033 -0.32838464 1.01088859 -59.62470650 6725.93575950 53.57957026
53290.51728146 1.65787213 1.44935042 -57.66480757 6733.41646921 53.62598842
53290.51842740 0.04182847 1.35280997 -61.53952441 6732.94099643 53.62263502
53290.51935793 0.31691696 1.42576786 -61.52852961 6726.63939344 53.64704491
53290.52040944 -3.27743470 1.41622858 -58.39422022 6727.99505857 53.63716867
53290.52147893 2.14911578 1.61626428 -61.81139379 6727.03789787 53.61438084
53290.52248708 -0.21795539 1.64467912 -60.54395397 6731.22313260 53.65056631
53290.52357749 -2.38539722 1.78793014 -57.06735025 6731.66958017 53.60881389
53290.52463087 1.34637222 1.84652820 -54.84358196 6731.66413131 53.66095768
53290.52568668 0.04027575 1.58021676 -59.66019445 6727.61460279 53.67270322
53290.52672085 -2.86880358 1.71702174 -51.01912234 6729.48125922 53.61341767
53293.49198389 0.05941590 1.45366453 -58.11119597 6727.38786902 53.54763824
53293.49303103 -0.79545243 1.45092213 -58.13323275 6728.04857120 53.53108218
53293.49412504 0.18038118 1.29596433 -59.75703432 6724.43769633 53.53458279
53293.49520724 -3.91540589 1.30379145 -61.70976295 6732.11331286 53.51080684
53293.49624118 -0.74293277 1.47125341 -54.61225190 6726.15127536 53.55658293
53293.49725395 -1.65905897 1.25079949 -55.65413224 6724.89348704 53.53341581
53293.49838014 -3.73395399 1.29996519 -59.89292671 6733.04093358 53.52321987
53293.49942195 -1.74806399 1.27282635 -56.40535870 6730.83730881 53.55747270
53294.48764706 -1.43080362 0.94164355 -58.08848433 6730.23929363 53.50817696
53294.48959863 -4.23887977 0.85728748 -58.44391627 6729.31071059 53.54639263
53294.49147271 0.16409386 0.85771165 -61.79831002 6730.39792500 53.52476708
53294.49350708 -3.79234142 0.83784756 -58.48798178 6730.65184603 53.52200047
53294.49545447 -2.57451994 0.84120912 -57.24651508 6727.68265878 53.54297845
53295.50972057 -2.02199102 0.92638048 -62.62204738 6728.47242397 53.64423177
53295.51076736 -4.89110633 0.91814899 -59.13536222 6721.45270454 53.67382485
53295.51183750 -5.85293698 0.96677281 -56.56033322 6722.34444837 53.67471825
53295.51288038 -1.39673524 0.93069912 -59.61523568 6726.11296215 53.67781660
53295.51394349 -3.91881344 0.97088352 -59.71007301 6724.08650282 53.66786401
53295.51499399 -5.89016548 0.94921992 -59.09423499 6724.79572249 53.65983411
53295.51604379 -6.62746662 0.96326226 -60.09484968 6726.80613234 53.66221630
53295.51709752 -4.79131382 1.01826206 -59.37413386 6728.41173129 53.65389991
53295.51815541 -0.38411426 1.01935763 -55.56826970 6727.60590561 53.65044691
53295.51919249 -3.38382394 0.95485139 -58.37727801 6723.32193588 53.66513884
53297.50777757 0.43180339 1.16223093 -55.41102625 6723.88675146 53.60835495
53297.50882763 3.41734585 1.18120680 -54.10995706 6729.13056663 53.58037800
53297.50988842 1.28022303 1.11615330 -57.03860990 6730.83241125 53.59327856
53297.51096311 1.27585134 1.11476974 -56.62967501 6728.63806786 53.61517397
53297.51200307 0.42800302 1.10119739 -60.04622812 6733.47897351 53.58453397
53297.51307544 0.66977847 1.04856610 -59.52760113 6722.90332241 53.60571330
53297.51412475 0.03371569 1.00286553 -60.74764671 6726.07987374 53.62615495
53297.51515815 1.25913054 1.03023098 -55.90689571 6725.50572227 53.60550241
53297.51622172 1.82890943 1.06776039 -57.73411624 6725.08215773 53.61761742
53297.51730010 -0.36767248 1.05324703 -57.95801673 6729.57759175 53.59250218
53297.63553649 0.45234476 1.56203974 -58.20064323 6728.06790860 53.60206425
53297.63658248 -0.96897246 1.42509855 -55.14758633 6724.38955508 53.64686812
53297.63763714 0.76270902 1.52605534 -63.08567223 6728.07959583 53.61605891
53297.63869227 1.99165763 1.59309206 -62.66088938 6723.99718277 53.65201854
53297.63976220 2.93658632 1.44142716 -56.93606709 6730.74648391 53.58761032
53297.64081906 -0.10653410 1.53207269 -53.65271887 6726.91929157 53.62375307
53297.64185613 0.99199868 1.72890926 -62.47105563 6728.36169010 53.63600900
53297.64298147 0.53538908 1.54475156 -60.25725276 6733.77404250 53.59088184
53297.64404761 2.44911542 1.48075324 -57.33102880 6726.51640913 53.57988679
53297.64509430 3.68515881 1.72704148 -57.51689857 6726.41821249 53.60341241
53298.51543890 2.76816586 1.20684196 -59.34878179 6734.27643805 53.58814576
53298.51655072 8.79567130 1.33976383 -60.59811860 6731.77919524 53.59115004
53298.51757287 -0.49889448 1.06642555 -55.56880187 6729.49785477 53.59886619
53298.51860749 -0.92727628 1.16628898 -56.62045046 6737.24122766 53.51092147
53298.51969307 -1.52945909 1.03180421 -56.24874277 6727.81373769 53.58841102
53298.52075120 -1.15209351 1.01686609 -57.79741615 6727.88555493 53.58577107
53298.52179672 0.23794893 0.99424193 -57.73655227 6727.48506409 53.57953215
53298.52287544 -0.44930063 1.07121284 -57.61346230 6729.39747957 53.58008945
53298.52393370 0.54789823 1.01817665 -54.90994435 6730.00092677 53.58042430
53298.52498556 -0.46008352 1.00418826 -55.33413452 6727.45932338 53.59581083
53298.61566704 1.34935629 1.03391610 -59.55928012 6730.42659580 53.56967997
53298.61669462 -5.50184623 1.15669247 -56.72448487 6730.12460636 53.56529094
53298.61779407 -1.69419806 1.20598501 -56.27468664 6732.62014174 53.58856061
53298.61885093 1.88963999 1.26484222 -56.37585735 6728.88882674 53.56160654
53298.61989818 2.19349313 1.34139321 -57.60608981 6733.88235782 53.57061451
53298.62096358 -1.32069140 1.70000436 -58.44684336 6740.94628698 53.57623292
53298.62207924 0.46712169 1.51704969 -57.94137356 6733.76695554 53.54676204
53298.62305105 0.85852019 1.53191337 -62.75847932 6734.16806709 53.58745972
53298.62416091 0.11963100 1.59417057 -56.83764685 6728.75803942 53.57386991
53298.62519497 -3.16356191 1.56947833 -60.32699145 6737.39192269 53.55520483
53308.51034632 -5.93910371 0.64255922 -56.48872407 6726.27981503 53.57531385
53308.51243019 -6.39330688 0.68734984 -57.12748934 6727.83775526 53.55711953
53308.51448755 -5.22141683 0.74849742 -53.96210233 6728.43825582 53.54822923
53308.51666168 -8.24673073 0.73772637 -53.64589373 6726.52374930 53.55824036
53308.51867288 -4.33456724 0.74266214 -55.01720652 6728.17555086 53.54934631
53309.51643018 -7.08290642 0.55986169 -55.92809773 6732.40266779 53.54707250
53309.51886186 -7.79759683 0.59834564 -56.79751215 6727.45169397 53.55422388
53309.52128172 -9.46908910 0.61822782 -56.43944606 6729.58462055 53.53419900
53309.52374639 -8.57758235 0.59166142 -57.76834901 6726.91581845 53.54281580
53311.53298472 -9.27292387 0.47027638 -58.85700473 6721.59451671 53.54956285
53311.53560897 -7.00997935 0.47477892 -58.55564745 6720.71485044 53.55015006
53311.53830133 -7.35560950 0.48358649 -60.35036638 6720.79152340 53.54294503
53311.54098892 -8.75762306 0.47910146 -59.38550420 6720.52804878 53.55140251
53311.54360973 -6.38850769 0.48111459 -57.84474201 6721.76157127 53.53310284
53312.56159219 -3.64123469 0.60526967 -59.95742551 6725.19446746 53.53934218
53312.56503087 -6.24861369 0.57851916 -59.52528331 6724.47472028 53.53652765
53312.56843287 -5.06723188 0.55175748 -58.02568974 6724.74523847 53.52787332
53314.54042048 -2.55406710 0.68528471 -58.74618490 6726.62944611 53.50707066
53314.54263701 0.98107536 0.67606283 -59.71253343 6721.53035512 53.53235276
53314.54483869 -3.54689712 0.69116021 -58.13496729 6724.59893956 53.53230151
53314.54705695 -0.38553275 0.72031998 -58.36908651 6718.95695927 53.54273114
53314.54921698 -2.57944946 0.72602782 -57.13453928 6721.91321101 53.55474597
53321.60105425 -3.93631547 0.54166899 -60.91740368 6724.45438633 53.53569330
53321.60369430 -4.37236539 0.52308650 -57.32118691 6725.16925780 53.53647736
53321.60632646 -5.10658045 0.57728405 -56.09884162 6722.80874543 53.54711950
53321.60906974 -3.94544170 0.61399894 -58.65186301 6726.09086931 53.52596198
53340.51077536 -5.16337982 0.42355009 -58.28774357 6721.73527002 53.54915907
53340.51423238 -4.54314010 0.41886720 -58.59570329 6723.81764570 53.55442093
53340.51775247 -4.71975230 0.42739053 -58.87635320 6721.84129574 53.55202921
53342.50641029 -3.30890134 0.45049822 -58.31508815 6720.65365437 53.52408246
53342.50992424 -1.52958806 0.51105017 -58.89072494 6722.57023718 53.49890386
53342.51350522 -1.69394245 0.53818788 -58.71652636 6722.58831948 53.50526141
53484.88487702 -2.65197956 0.45829178 -58.42780848 6728.68192850 53.70004964
53484.88842772 -3.60496480 0.44628841 -58.18767217 6730.54789906 53.70368915
53484.89187540 -1.97709976 0.43995831 -57.12514572 6728.03527776 53.70958489
53491.89095401 -3.17872290 0.46978970 -58.08113187 6721.62239722 53.54567111
53491.89441731 -3.83568103 0.46236562 -57.81661229 6719.88486802 53.54441894
53491.89796499 -3.35276301 0.50242508 -57.65036926 6720.57350263 53.53827978
53511.90589790 -3.59035717 0.60168898 -57.93407345 6721.30221639 53.47399439
53511.90846992 -5.56707435 0.60251390 -55.77444258 6723.34163064 53.45557602
53511.91114684 -6.47800739 0.61649728 -59.85795961 6720.70408918 53.47960767
53511.91378854 -4.25280620 0.60162102 -57.44753422 6721.87975468 53.47538184
53512.83672478 -3.36601766 0.72686387 -56.18287733 6728.19328789 53.60320937
53512.84024268 -3.38288705 0.64653331 -56.59508394 6726.59177592 53.61947363
53512.84375997 -4.27933154 0.67463060 -56.91171228 6726.95765112 53.61097265
53515.85900044 -1.31976413 0.66723893 -59.51155295 6727.13501387 53.51691366
53515.86432840 -1.95904613 0.60240215 -58.27202721 6721.98634723 53.52114883
53520.86984147 -3.96810447 0.35542222 -60.05942108 6724.92162036 53.56345950
53542.74037364 1.49256159 0.77957327 -59.05914620 6726.81959584 53.38822100
53542.74360280 4.18339402 1.60828904 -56.06025863 6723.86068722 53.15674806
53543.79067839 2.39466920 0.43608593 -56.85356795 6724.08729190 53.43645041
53543.79570331 3.05883551 0.44063623 -56.64215191 6724.90744212 53.43607158
53544.81734049 4.30132895 0.45491460 -55.96186420 6729.92897602 53.39397199
53544.82277699 3.86835150 0.43321352 -57.23835991 6729.14656044 53.40879893
53545.84326778 7.66829141 3.82062445 -53.88678723 6724.69842318 52.32787076
53546.86211089 6.33540679 0.46328253 -54.84558310 6728.53986483 53.38397060
53546.86728012 7.21648654 0.44037644 -57.40289225 6731.11430825 53.37101621
53547.77178479 2.23393290 0.49474187 -57.30924127 6733.40783517 53.34647609
53547.77695411 2.04104666 0.45179007 -54.31118589 6735.65500284 53.33148973
53549.84812742 2.27785251 3.07576404 -56.54937023 6722.85621525 52.96117650
53550.76118100 0.39112628 0.39436031 -55.60908710 6731.79352881 53.35606530
53550.76626546 0.28270163 0.34851053 -54.30925360 6731.52674446 53.36504412
53551.76923112 -0.80423192 0.54513538 -55.11476424 6725.50118541 53.40399941
53551.77430898 0.11214713 0.64064126 -54.58585392 6724.68838039 53.38892306
53573.75307906 -1.31894913 0.27758427 -57.94142119 6727.86979454 53.47925705
53671.58413861 4.09067372 0.48305882 -57.25182017 6727.59981219 53.40104086
53671.58762587 4.14362501 0.52350113 -55.84869835 6728.46580019 53.40257246
53671.59107274 3.97632337 0.56047017 -56.90619016 6727.16024112 53.41854839
53810.90827523 -5.72836372 0.40107518 -60.39428901 6720.41561640 53.50224208
53810.91212390 -5.72435300 0.38612281 -59.79888193 6721.30882748 53.49214395
53810.91597280 -4.16998302 0.36721066 -61.24855812 6720.74543358 53.50196732
53815.91055673 -3.18256879 0.35235752 -57.80099222 6720.72928567 53.52287641
53815.91561789 -4.18094196 0.36356592 -58.17807776 6719.80188503 53.52634786
53816.91501597 -2.47816725 0.38864887 -60.19672843 6723.84566594 53.51270939
53816.92028642 -3.19734529 0.40847003 -60.47560351 6724.68535360 53.49872123
53862.85963917 -2.97215998 0.50893252 -58.91516474 6718.05596042 53.52280966
53862.86320746 -3.84295057 0.48028112 -60.81901805 6718.99660278 53.52401063
53862.86689670 -2.89435167 0.49009694 -59.75817568 6721.13253443 53.51033546
53870.84819721 -0.87034692 0.44802773 -56.26581056 6720.80692535 53.47574171
53870.85370337 -1.26482750 0.46539246 -57.39376589 6722.11190342 53.47111023
53882.86106918 -3.49030158 0.48382693 -56.94359326 6721.90378645 53.46542127
53882.86365636 -3.01609241 0.48297633 -58.03215684 6721.86934535 53.47111099
53882.86643430 -3.26433585 0.48253715 -56.48659370 6719.33957616 53.46209113
53882.86907439 -1.54705954 0.53038426 -57.81290772 6721.24907254 53.46034610
53883.84776739 -2.15923549 0.42571752 -58.46853119 6724.40556582 53.44306283
53883.85167269 -2.00825632 0.42487360 -58.54428187 6725.71136145 53.43858223
53883.85553344 -1.00835736 0.43532902 -57.17728968 6723.54666555 53.46070859
53886.87637314 0.17919295 0.42875130 -58.65230946 6718.81924785 53.47351648
53886.87971030 -0.56073973 0.50789841 -58.97493159 6720.30587632 53.47035556
53886.88296470 1.18335944 0.46995683 -56.53529204 6723.58934089 53.45222403
53917.82243364 -1.08065067 1.23121200 -55.51270516 6729.35185000 53.42606173
53917.82350488 2.83208839 1.28569617 -56.59559329 6720.11336261 53.41140839
53917.82466781 0.73123774 1.34124074 -54.70872040 6732.10904392 53.41375415
53917.82576510 -0.82349687 1.43464079 -53.51291103 6720.94255522 53.43783057
53917.82683265 -0.22283363 1.39453196 -57.27546781 6722.34690095 53.41622966
53917.82792497 3.51546845 1.45225251 -57.88999048 6733.33873493 53.35987443
53917.82901171 0.56703419 1.34241092 -61.01821388 6730.31752514 53.42059092
53917.83011642 0.46759239 1.45533870 -55.47214894 6725.19310470 53.42921069
53917.83119311 3.09242956 1.52561969 -56.71650368 6729.87710251 53.40297053
53917.83232813 2.86607347 1.49071271 -59.52420580 6728.69893868 53.40268534
53919.82115231 -3.34370848 1.35261836 -57.38819550 6728.01497309 53.41935656
53919.82223408 -3.37850743 1.27498839 -56.07635055 6725.11192754 53.48056367
53919.82333716 0.81991375 1.66500791 -55.22925508 6726.32157673 53.41299856
53919.82443712 -4.41756366 1.65697920 -57.76565665 6724.76811370 53.43436472
53919.82555142 -5.89410108 1.63783927 -55.45858629 6722.24629137 53.42772504
53919.82662661 -0.86132650 1.43335546 -58.18821906 6720.04902182 53.45041053
53919.82773224 -1.69661017 1.50409653 -63.30963492 6724.63376592 53.40615224
53919.82884307 -2.85170174 1.50641485 -54.44279921 6727.59804530 53.43139283
53919.82992703 -1.85510814 1.34760640 -58.38163057 6720.97115962 53.41193183
53919.83100710 -2.80169281 1.31910605 -60.62181192 6720.34342732 53.45346135
53921.83138818 -2.01954100 1.75964783 -59.09899322 6726.86751209 53.41212274
53921.83249359 -4.21587841 1.72451907 -58.33138091 6735.25147534 53.32771071
53921.83356391 -2.89327948 1.65064498 -55.93977108 6734.59328657 53.35010335
53921.83466617 -1.60026317 1.71897189 -58.09986317 6730.40792598 53.41630697
53921.83579633 -4.35878754 1.44860572 -62.07109925 6729.49653639 53.38357917
53921.83688401 -4.30048186 1.18221053 -58.53731856 6722.31491013 53.44734866
53921.83796337 -3.74328653 1.06458386 -61.61282986 6730.87747780 53.45059399
53921.83907351 -3.29362943 1.06102644 -56.68391363 6721.08726657 53.47057462
53921.84013988 -1.37229351 1.10019762 -56.43276477 6722.99312959 53.44938509
53921.84123868 -1.87064447 1.08286053 -55.95726619 6725.90299082 53.44974998
53950.74288760 -6.12691710 0.49371138 -59.31857138 6724.94908077 53.49309202
53974.59863618 7.13309016 1.15012386 -55.94319598 6743.65648493 53.23134909
53974.60065464 9.20216298 1.01611680 -52.21357385 6737.87712125 53.26694116
53974.60260743 9.79189468 0.99050025 -51.60422039 6738.32162892 53.26309118
53974.60461253 9.74258079 0.99233529 -53.43217017 6737.73739226 53.27432068
53976.59226176 6.18768811 0.66929185 -53.85269884 6731.23374172 53.34147781
53976.59469962 3.54216707 0.62466564 -55.33392012 6725.31437785 53.35037125
53976.59711803 4.97031168 0.61493844 -54.25573011 6728.15919463 53.34379557
53976.59962447 4.30162769 0.61709480 -54.12209066 6729.46871754 53.35074256
53980.64080477 -3.19340136 0.60700143 -55.38607592 6732.72574434 53.39522461
53980.64372872 -2.89567208 0.61683661 -55.09811846 6731.52072856 53.39659571
53980.64659670 -2.70136754 0.66446283 -53.52085823 6733.31920473 53.37547869
53980.64957450 -4.42005242 0.68996927 -57.30661816 6733.26101527 53.38264813
53981.70440756 -6.82409964 0.48193185 -56.92428056 6731.11113178 53.43877493
53981.70693601 -7.88584637 0.46016201 -59.03109577 6728.28782479 53.45425848
53981.70945187 -8.36853878 0.46264970 -57.11473677 6725.37151579 53.47049741
53981.71198948 -6.62922181 0.44646116 -57.45555854 6728.24414891 53.45894437
53982.69165808 -1.19552686 0.74985603 -59.84472467 6733.43862591 53.42955776
53982.69420895 -1.07577807 0.74333482 -60.25313723 6736.13226113 53.42697598
53982.69666444 -0.46519182 0.78452943 -58.84166043 6727.42306738 53.43593347
53982.69929588 -2.06527041 0.72806701 -54.40968638 6727.51000895 53.44625319
54292.81285717 -0.74972660 0.35307593 -53.87640777 6729.78254595 53.37822339
54292.81812583 0.03679372 0.35691939 -56.16573394 6729.92041778 53.36514493
54315.72858398 -0.87743617 0.83876777 -56.34236664 6726.09566310 53.45950345
54315.73356466 -2.06658755 0.89552486 -58.32723182 6732.11707474 53.42841941
54953.91585223 -4.59078018 0.43402166 -59.59562482 6726.51884619 53.44503684
54953.91943019 -3.17144919 0.42989206 -60.14112883 6725.83481222 53.44058759
54953.92301071 -3.91761420 0.44628840 -58.75380083 6726.03050917 53.43984944
54954.85529728 -3.44724431 0.36087425 -59.42167441 6725.05145237 53.44040822
54954.85903764 -3.66448564 0.36784265 -60.21398873 6723.67613161 53.45297751
54954.86258981 -3.71126372 0.35320308 -59.87228533 6726.43517576 53.45377217
54955.84208672 -2.64881735 0.44058291 -60.24356489 6728.39533916 53.43473963
54955.84577662 -2.50167028 0.45699450 -59.32603424 6726.98487241 53.43185305
54955.84955610 -2.61430621 0.77923569 -59.17583162 6725.22775804 53.43147441
54956.89655549 -2.40525322 0.52241911 -56.61036797 6725.11413768 53.43038651
54956.90011968 -1.09398932 0.46723768 -59.07678356 6725.76133601 53.43684345
54956.90374290 -2.70915013 0.45609713 -58.18327319 6725.56210156 53.43353800
54988.88346379 0.93305426 0.38089100 -55.04448998 6725.77881921 53.41552473
54988.88888974 1.08728049 0.40539089 -55.83998413 6724.08478664 53.42758360
54989.87829056 0.32898592 0.29035180 -55.14097356 6722.73197664 53.45502382
54989.88397682 -0.25808068 0.31698459 -56.53683395 6724.38997865 53.42750729
54991.89043558 -1.65269964 0.38897408 -58.26371649 6727.47820966 53.40487248
54991.89590874 -2.58133490 0.39452787 -58.35871608 6723.19819895 53.43000504
54993.90229911 -6.09603641 0.26774746 -58.94946095 6723.48123445 53.44883239
54994.87960596 -3.83688729 0.40489610 -58.63832159 6728.36094082 53.43214460
54994.88523109 -4.67654486 0.39427343 -57.70612035 6729.57207562 53.43097119
55001.87692761 2.18736053 0.38716537 -61.90181120 6730.41609906 53.43833609
55001.88229713 2.49492844 0.40039873 -59.17929025 6733.48728648 53.43272303
55021.88213762 -1.07655777 0.48470851 -57.15503031 6733.47807979 53.35023485
55021.88541117 -0.60760914 0.49219137 -58.85057892 6734.78655950 53.34276502
55021.88865127 1.00208495 0.48764679 -57.39101291 6733.82370801 53.35287248
55023.87155383 -1.31979390 0.78093002 -53.19543331 6733.68323944 53.35255937
55023.87525935 -1.89624156 0.81630447 -58.33658871 6737.02745894 53.34422654
55023.87906627 -0.62851606 0.72618688 -54.06546811 6737.32693167 53.35593812
55023.89420186 -2.68621442 0.61575821 -56.62971850 6734.69353273 53.35278831
55023.89790206 -2.16804669 0.60880415 -54.47786579 6731.78226332 53.35529077
55023.90191903 -1.88374413 0.60948310 -56.88354407 6734.65296957 53.34305691
55025.70813897 -2.76755046 0.66309542 -56.87339816 6737.26445324 53.35765960
55025.71143138 -1.85390191 0.65561149 -55.55897068 6733.04503131 53.37210253
55025.71475213 -3.04792596 0.67178081 -55.17437511 6734.36027501 53.35241287
55036.78191644 -1.58301485 0.82917377 -57.79877633 6733.79470240 53.39823082
55036.78368398 1.54413248 0.82976627 -53.92884766 6732.80247627 53.39229009
55036.78549690 -0.16402250 0.73280333 -59.20681175 6734.45036092 53.38668542
55036.78721165 0.53934014 0.70359290 -57.94266546 6733.32173928 53.39163301
55036.78898510 0.92000265 0.72917168 -56.84806111 6734.70609014 53.38805230
55036.79075566 0.41656455 0.76636716 -57.51453381 6733.84897617 53.38393045
55037.79799251 -2.57284057 0.70312084 -55.08750538 6735.98213373 53.37932070
55037.79977485 2.72690632 0.70949327 -56.71844535 6732.39030161 53.38059608
55037.80150374 0.32207949 0.71102624 -57.08999385 6735.98016198 53.36624082
55037.80330890 0.55670196 0.72003305 -56.27336331 6736.44728782 53.36978455
55037.80509866 1.18069047 0.69729683 -55.49577644 6737.90189989 53.37336954
55037.80682754 0.12588108 0.75411821 -58.30319145 6736.83371267 53.36757693
55039.78758170 2.38448850 0.79699971 -55.30120915 6733.19536584 53.38792119
55039.78910386 2.98035732 0.91649462 -58.27848396 6732.38151254 53.39302860
55039.79073319 3.29605571 0.89685988 -56.99946066 6728.61335556 53.41415214
55039.79232017 0.53124733 0.83227153 -59.49479029 6729.33427528 53.40658105
55039.79391536 3.51986557 0.87684520 -56.77612876 6729.49525172 53.38163188
55039.79548128 3.24532807 0.91315547 -57.50503663 6731.27758776 53.39330768
55039.79709729 2.69343108 0.89651583 -57.89057389 6727.67619732 53.40298380
55041.70041313 2.26070453 0.41924093 -57.77254415 6735.32362505 53.38973457
55041.70560611 1.78114555 0.41231577 -58.28854597 6733.65593381 53.39932070
55045.80261242 1.23792526 0.41544620 -58.85605368 6727.94417961 53.44944946
55046.83339011 -0.37682767 0.42980876 -60.45035873 6725.93628881 53.46269447
55047.81765793 -1.29863853 0.54867504 -60.66582882 6724.64589344 53.45938359
55047.82273977 -1.47542373 0.48296181 -60.00577189 6725.31745927 53.47507387
55066.70600730 -4.04156118 0.28015905 -59.39855947 6735.07201538 53.42017363
55067.72445364 -2.73896402 0.27675329 -58.92163403 6728.98479375 53.45362891
55068.70977095 -3.49219377 0.32932224 -59.44245025 6726.79827084 53.47358845
55069.71362287 -1.14409107 0.25960440 -58.44732182 6729.27893960 53.46862498
55072.65607207 4.38705248 0.74856273 -58.84888282 6731.22538184 53.43262017
55072.65856477 5.28643058 0.64094406 -57.29433418 6724.23674872 53.46633509
55072.66098689 4.77130535 0.61132497 -58.31478925 6726.04979897 53.42673926
55072.66342103 5.78268162 0.60369219 -59.85310886 6723.54021638 53.44273466
55075.66126674 3.80594691 0.72044821 -58.76247274 6727.54201395 53.43794587
55075.66369823 4.16950560 0.67406423 -57.14966939 6730.38591146 53.42031101
55075.66612797 4.85811336 0.61064796 -58.22946788 6729.63716339 53.42731784
55078.68148104 -1.58679345 1.06967536 -61.80038471 6733.11871691 53.38125350
55078.68437141 -1.28732008 1.20664824 -62.09896789 6733.91481438 53.35563125
55078.68686332 0.48650811 1.27809321 -56.27285615 6732.18299383 53.36846625
55078.68993863 -0.54822187 1.43987096 -63.21187527 6730.43394309 53.32955254
55109.55059587 -1.61519081 0.59883384 -60.28348669 6724.02448079 53.45694203
55109.55653476 -1.65383749 0.86222695 -58.23563595 6723.74665950 53.45585673
55110.57724812 -2.11731704 0.42434966 -60.44830157 6727.50458977 53.44825954
55110.58272015 -3.11001317 0.39650355 -61.46311417 6728.40038011 53.45780772
55112.56735298 -0.12880427 0.48977664 -60.36931054 6728.11511116 53.45626936
55112.57271610 1.18122094 0.45637913 -61.10313358 6726.83982418 53.46413948
55116.58696297 -0.13261211 0.24412911 -59.80509444 6728.53298326 53.48008258
55121.58838133 -8.66381014 0.76111299 -58.63393318 6723.64631939 53.52390834
55121.59081404 -7.41209169 0.76361074 -60.58551549 6730.40925312 53.49656211
55121.59324676 -9.74944874 0.76142651 -57.94093248 6722.07398586 53.52960865
55121.59572589 -7.62173624 0.79001982 -57.86944738 6729.01911749 53.50540629
55121.59822828 -8.34988057 0.88603601 -61.80760533 6725.66611023 53.51046164
55122.52671028 -6.41363716 0.86028437 -61.69383280 6722.52721265 53.52386636
55122.52912645 -6.81690479 0.80393806 -60.71805082 6726.07471189 53.51824728
55122.53156924 -6.84316153 0.77272340 -60.78625881 6723.14339032 53.53969236
55122.53402476 -6.11482597 0.77049952 -61.05274651 6720.97351727 53.53528024
55122.53646812 -6.06976963 0.77078019 -58.74441593 6722.18829535 53.52713411
55124.52156896 -7.82406004 0.34600868 -61.38746311 6720.51419210 53.52456785
55124.52719804 -7.29143303 0.37459745 -61.03553535 6722.29337851 53.50682689
55127.52832890 -2.19917047 0.35257204 -59.44249621 6721.07592003 53.51507884
55127.53213349 -3.05833945 0.36402257 -59.71337806 6723.14233132 53.50428512
55127.53600901 -3.76726480 0.35520622 -60.20931770 6722.52699778 53.50865039
55129.55132869 -2.12644999 0.34380490 -59.43547891 6723.69548533 53.48110010
55129.55684056 -2.16248218 0.34736844 -59.64008128 6726.94873770 53.47711633
55132.52223986 -1.78485653 0.33597856 -60.99215533 6727.98415521 53.47317291
55134.51357392 -3.40879203 0.41809649 -60.08797153 6727.06516334 53.46587929
55134.51920430 -3.09717916 0.41440414 -60.99532240 6725.26422524 53.48608954
55135.50351865 -3.97311724 0.26836028 -59.16405004 6723.90890864 53.51590181
55135.50904683 -3.90370638 0.26759851 -58.38391935 6720.40540324 53.53015587
55136.52200930 -2.95482348 0.38295523 -58.61283463 6723.69458088 53.49047215
55139.49268163 -2.61247681 0.66755735 -59.53437825 6727.24546359 53.41614026
55139.49841097 -2.90621331 0.55717454 -60.19111488 6727.52219861 53.45721199
55142.50272261 0.98805085 0.58455183 -61.56971092 6731.23377946 53.43561053
55142.50929057 2.60415153 0.97849326 -61.49231430 6737.23479445 53.45521521
55143.50070225 4.23916183 0.50988400 -59.02946094 6729.07249719 53.44208065
55143.50593207 2.91370412 0.55453391 -59.08327574 6729.77594092 53.43898701
55370.73842919 1.70355598 1.98880864 -55.95773576 6719.58509011 53.42250696
55370.74290824 -2.99513130 3.34160600 -53.93968963 6712.97048243 53.24245942
55372.81133211 1.14388543 0.67382855 -59.26055693 6724.90460820 53.46463218
55372.81370363 3.73259227 0.70523873 -58.83106112 6726.40059877 53.45093519
55372.81623721 0.69729603 0.76168208 -59.26653514 6729.66461821 53.44793535
55372.81873430 0.28849407 0.75745254 -58.21261136 6724.85006098 53.46081101
55372.82110634 0.35654752 0.74240991 -59.88743230 6730.23008321 53.45440934
55372.82362307 -0.03719520 0.72210038 -59.85017831 6729.33711275 53.44705015
55373.78780202 2.36783710 0.71388192 -59.27224949 6724.83945912 53.45884751
55373.79042304 2.08163059 0.68306747 -58.88999100 6724.60642587 53.47126787
55373.79313051 4.92627375 0.75739314 -56.83913989 6731.12534642 53.43673657
55373.79588533 1.14066502 0.76916082 -59.71406765 6727.58884350 53.45430259
55374.78309228 4.40950088 0.81253073 -57.02300424 6727.76950810 53.47258405
55374.78560973 5.25107065 0.81033385 -58.13872152 6727.79151334 53.46339564
55374.78808497 2.47526980 0.79704115 -57.38507669 6725.17798999 53.46009852
55374.79051256 4.25322634 0.85113556 -55.81986371 6729.22466387 53.43874641
55375.69523351 2.01528997 0.77045264 -59.83873922 6726.17699461 53.47385993
55375.69769130 0.94958908 0.74568909 -59.41497708 6728.90139566 53.47286259
55375.70010324 1.47333649 0.77023045 -61.71440212 6723.41704050 53.47834188
55375.70255213 1.46442246 0.73682701 -58.68830980 6725.12152722 53.49506511
55376.66677148 2.84227842 0.54644186 -57.47245534 6730.22151147 53.44601755
55376.67229383 1.43204695 0.55159681 -59.76212025 6730.65376276 53.43580281
55396.81925559 -3.17039306 0.44050006 -58.20497912 6732.65649472 53.39909713
55399.79482861 -0.97220109 0.30061421 -60.60612467 6730.25581787 53.44399164
55401.72501051 2.85166343 0.48310753 -57.98147899 6730.34299683 53.41618202
55403.74535021 1.02566264 0.41487689 -56.85036818 6731.52940332 53.43075142
55407.74028918 0.50944804 0.42586036 -60.16288957 6729.13227104 53.45404979
55407.74514365 0.30763851 0.63130673 -60.91641452 6725.30167269 53.45684305
55409.76068230 -1.23976507 0.42525520 -58.67193013 6732.59526978 53.39910079
55409.76621336 -1.80551006 0.43813875 -58.74076271 6732.83729519 53.39597880
55411.70285187 1.06529087 0.44434234 -58.05213000 6732.00311338 53.42172789
55411.70837979 0.70250797 0.45028192 -59.92769565 6731.97279079 53.42268739
55413.74250878 3.09608416 0.49548381 -61.25972561 6734.29573611 53.41857051
55413.74813623 3.86633483 0.54054392 -58.66658633 6730.41536837 53.43647262
55423.67194079 -3.58810890 0.65972276 -56.76428278 6732.28917766 53.43194151
55423.67578170 -3.13963736 0.64964179 -59.65323468 6732.19410618 53.43304134
55423.67968881 -3.80475667 0.59839255 -57.07806461 6734.46297025 53.41705475
55424.62413311 -3.07830917 0.84035499 -57.83307488 6732.70708620 53.43101934
55424.62804427 -3.44066196 0.77464803 -58.95935062 6730.92371085 53.45272144
55424.63177859 -3.28766905 0.79138724 -58.27520843 6732.72272331 53.43607813
55425.57212913 -2.83429182 0.58563557 -59.47582930 6731.37823256 53.42353352
55425.57601517 -2.73651387 0.59577102 -57.45415565 6730.98947679 53.41722096
55425.57989172 -2.74584243 0.59813017 -58.70334248 6731.73712400 53.42838875
55427.71890604 -2.02937436 0.53558157 -59.89118590 6724.49417570 53.47065938
55427.72268247 -1.76719818 0.52534037 -60.15778417 6725.92017316 53.47225956
55427.72648448 -0.10241855 0.53217490 -60.81893916 6725.43410850 53.47386379
55428.72708899 -0.96375964 0.51704708 -59.81837073 6726.60798980 53.46694763
55428.73093047 -0.03371569 0.48495427 -61.29403639 6725.36657556 53.47674709
55428.73470817 -0.14047761 0.48999719 -60.73946548 6724.25823777 53.49067733
55435.65573142 -3.56486796 0.60129675 -59.97468371 6726.16018038 53.45257363
55436.66389407 -4.88530654 0.36006597 -59.46473935 6729.98135662 53.44899069
55436.66917649 -5.18379461 0.35334678 -58.74281240 6725.57309660 53.46455180
55437.67315196 -5.67470214 0.36460943 -59.58784501 6728.36459924 53.47170172
55437.67843137 -6.21366560 0.36341901 -59.36269293 6726.87895136 53.47328496
55438.70913163 -3.46718725 0.34446528 -61.25439588 6727.88527846 53.46573606
55438.71426532 -3.33199053 0.33508634 -61.06234790 6728.95527112 53.47199397
55439.73170412 -2.72630377 0.31527906 -59.80411451 6728.24210954 53.47900432
55443.71101800 6.24315013 0.40021848 -58.83126472 6734.27376751 53.42338269
55444.72686597 3.80409792 0.29203690 -58.41248128 6734.61978053 53.42209012
55445.63863661 7.01206451 0.27384344 -59.95930191 6734.29918187 53.41785762
55446.65961906 7.77487767 0.53251439 -57.12730093 6733.59349576 53.38832666
55446.66470191 6.40766291 0.48898033 -60.05979132 6734.93127575 53.38573260
55453.60363823 -0.45515222 0.41984437 -56.04287404 6732.63361968 53.41251993
55453.60721748 -0.30986923 0.41242593 -57.40905065 6729.83688861 53.43085715
55453.61086594 -0.93854189 0.43712572 -58.09731687 6731.32161537 53.40569744
55456.54051391 0.95265499 0.54521467 -58.85770164 6730.04090225 53.42510072
55456.54391598 2.69842158 0.55552660 -58.01664722 6729.70877438 53.41836337
55456.54727149 3.44026475 0.65262259 -57.45036430 6733.99690776 53.42375609
55458.64094687 1.58585040 0.43418376 -57.32778416 6733.64055878 53.39874033
55458.64613036 1.68022987 0.39980337 -55.73773548 6731.75185107 53.40389075
55459.53400789 4.52443614 0.36080606 -57.00686988 6731.14342967 53.40990709
55459.53897545 1.43025451 0.34676381 -56.77688249 6732.39194393 53.40791147
55480.52996066 -4.59900029 0.51926770 -62.40482943 6725.95538351 53.45689844
55480.53374278 -3.43006132 0.47259681 -61.29993214 6726.15421775 53.46560556
55480.53754411 -1.50131078 0.49850610 -60.15621570 6723.90658270 53.46435745
55482.55555263 2.79526880 0.38383446 -60.10954895 6730.31188223 53.44724075
55484.54282439 2.66219466 0.54955151 -62.28534962 6730.22007252 53.41773015
55484.54659956 5.04897575 0.56871126 -59.08401075 6733.31167472 53.41421163
55484.55043701 5.04437744 0.54327956 -58.19068968 6730.58597691 53.41958769
55485.52795162 3.86532412 0.46455849 -60.92611578 6731.41181685 53.41740568
55485.53374214 5.95879843 0.47863740 -61.78495556 6731.35251997 53.41650030
55487.54398872 4.65541269 0.43627532 -59.81007757 6731.93662536 53.40117235
55487.54967277 4.85128484 0.43370534 -57.08967891 6732.84515220 53.40109427
55493.54502525 -1.97154890 0.42827283 -56.91310365 6733.66629092 53.39241626
55493.55125526 -2.14377983 0.43689498 -55.51083618 6732.74667806 53.39428658
55495.53664408 -2.88988689 0.43290435 -56.93096684 6732.54042426 53.40643469
55495.54243404 -2.84184293 0.45779252 -58.58176293 6731.14340242 53.41249720
55498.51858694 -0.73151414 0.70559485 -57.39272318 6733.22187533 53.42003771
55498.52421847 -0.17999359 0.63917965 -58.26978430 6732.39943446 53.38465041
55500.54477944 -1.79710635 0.37143040 -58.37244154 6728.74654673 53.44694159
55500.55015624 -1.74085521 0.40341832 -58.94057761 6729.19541522 53.43622627
55501.54787795 -1.17826092 0.33271792 -57.89757255 6727.94915643 53.46668253
55501.55351249 -1.82364609 0.31945754 -58.11903562 6726.23570221 53.47252971
55505.51556276 -1.05951697 0.37571329 -59.40270420 6729.99089714 53.47432265
55505.52119824 -0.64957630 0.37200730 -60.63206524 6727.93592609 53.48101892
55507.51790961 -3.80598223 0.29573697 -60.67462610 6726.20460106 53.50593013
55507.52359926 -5.54689147 0.30064563 -60.56624638 6725.14662446 53.51832406
55509.51882518 -2.75143780 0.41018501 -60.46849281 6728.57751969 53.48874264
55509.52429413 -2.75362949 0.38524156 -61.05192420 6727.65233178 53.47955490
55511.51722608 -2.41431310 0.43069510 -60.36305162 6725.23714699 53.48051988
55511.52270521 -1.99774831 0.42826537 -60.10533184 6726.02800366 53.47196254
55513.50532832 1.82164333 0.45144944 -60.36857350 6728.85704539 53.46975456
55513.51101382 2.38404720 0.47504840 -61.86011504 6730.29776208 53.46620585
55514.50660789 1.18927181 0.36544343 -60.96565287 6729.73643889 53.48713714
55514.51212581 1.36556297 0.37151464 -60.42494651 6730.03274444 53.47180922
55519.50471317 4.51619046 0.55335749 -59.96975043 6740.52649153 53.38836516
55519.50958065 5.15159992 0.53476975 -60.35920222 6741.52535937 53.39127853
55523.50880640 2.46336522 0.44878615 -57.88613511 6739.01336222 53.39684352
55523.51380399 2.86841493 0.46773130 -57.29009302 6736.95119298 53.39009845
55524.52225636 1.97185755 0.36676921 -57.56267392 6733.04718238 53.41847196
55524.52721646 2.51443003 0.37267455 -58.23643667 6735.10218592 53.41467461
55653.90159909 0.63117678 0.40218711 -56.48240544 6733.73775002 53.38906771
55653.90717915 1.28174997 0.39784945 -55.79469023 6734.06649849 53.38169125
55654.90113151 1.67192605 0.43857539 -56.05493025 6733.76110870 53.37252483
55654.90671057 2.13474510 0.39539311 -56.24999720 6733.37727900 53.38233541
55657.90999560 0.44870776 0.33216577 -56.56350101 6733.33584096 53.39955168
55657.91557978 0.14427609 0.34543845 -55.09203250 6731.71784282 53.40521726
55659.90872591 1.36057838 0.41474202 -55.56406131 6730.58679404 53.40603194
55659.91431226 -0.25793672 0.43191188 -55.36397820 6732.66161202 53.39829848
55660.90266072 0.29742879 0.27928499 -56.34638515 6735.28285034 53.40301010
55662.90325940 -0.78298590 0.50811803 -56.84797894 6729.55836354 53.38666653
55662.90894776 -0.63472341 0.48776245 -57.39238274 6733.71777169 53.39503697
55663.84003951 -2.32791438 0.92095449 -56.40904828 6731.06105588 53.40756045
55672.89850382 0.40779595 0.35767251 -59.37639856 6730.87652497 53.44767605
55672.90354661 0.65819108 0.33177294 -58.28053626 6731.73612347 53.43812774
55675.90621972 -1.92626709 0.24027869 -58.97995816 6729.00165627 53.49029239
55679.88067048 -2.37512463 0.28275282 -58.48286986 6729.28486072 53.45581120
55679.88589360 -3.08383437 0.28726184 -59.78102978 6730.21674452 53.45196170
55712.89445047 0.50569543 0.30883108 -59.93619473 6732.46970500 53.44246526
55715.86544823 5.03123227 0.72803637 -57.66990749 6735.85568768 53.40682394
55715.86815359 5.26298216 0.75639483 -60.13946219 6732.78617543 53.41253418
55715.87076543 5.24669805 0.76510210 -58.98021470 6727.69893875 53.40635059
55715.87351882 5.17618871 0.79103905 -59.84221663 6736.85433072 53.40615801
55727.86022161 3.19100725 0.56429271 -57.84346297 6737.39163288 53.36045527
55727.86392079 2.11230044 0.55221688 -59.34898833 6736.85746258 53.36980671
55727.86772598 2.37471714 0.59725200 -59.34594993 6738.50131436 53.36686870
55735.80993862 -2.84101317 0.29001898 -59.27863204 6733.62008037 53.41599328
55754.77801294 2.08873253 0.58179498 -57.62182884 6733.59921390 53.39395306
55755.75649479 1.53536623 0.41490667 -59.96976860 6734.75020337 53.38940389
55769.73707123 -1.70252371 0.36894732 -57.57911050 6730.08879138 53.42280089
55769.74284878 -1.76709271 0.41607010 -58.49133648 6731.61346123 53.40386706
55776.62925083 0.85166293 0.38538973 -58.77235140 6739.45629628 53.39865082
55782.62576525 1.29900012 0.41057020 -58.04344593 6736.56139548 53.39089458
55784.73844366 4.12473847 0.30278318 -59.87062094 6731.57750542 53.45426049
55801.52746855 0.25037782 0.67893443 -59.99372406 6741.07415416 53.36097961
55801.53239948 -0.12774537 0.62890715 -58.40055045 6738.45982052 53.37606364
55804.63310616 -1.77924629 0.59951367 -61.26679553 6735.24028373 53.39296214
55804.63843764 -1.83099097 0.55346104 -60.24166670 6735.78891588 53.40274969
55807.62704277 1.47264937 0.51869366 -60.01256639 6734.16234582 53.43007173
55807.63193549 1.13129975 0.47750959 -59.74041693 6732.67692904 53.41837433
55810.58231787 -3.12066163 0.40872373 -60.69555777 6738.41449214 53.40138267
55810.58750015 -2.19488112 0.43006222 -60.15998561 6733.71265763 53.41189416
55816.58777413 2.24715978 0.51874012 -60.42288781 6725.49501428 53.46216191
55816.59135465 2.70020785 0.48233980 -59.43637525 6725.60285839 53.46055576
55816.59493102 2.38445309 0.47530657 -58.83510093 6725.31348908 53.45953146
55834.62284098 -2.43047243 0.32090484 -59.23302620 6730.63697415 53.46865059
55834.62836672 -3.27659903 0.32054426 -60.14487512 6730.82464446 53.46909725
55836.58648220 -4.72131773 0.37182221 -59.56345885 6732.40498771 53.44898569
55836.59221416 -5.10246603 0.37039733 -59.41288462 6730.85219243 53.46072457
55839.58577336 -3.43292912 0.48931406 -57.89743230 6737.68901566 53.38547515
55839.59156386 -2.53235745 0.49450978 -58.21724966 6736.32712227 53.38660680
55842.55031913 2.03237674 0.57000945 -57.04309595 6742.48243037 53.35162708
55842.55580251 1.97161447 0.46913869 -59.70765803 6739.31652531 53.37530616
55845.57640215 5.31627797 0.57075036 -59.96280774 6738.75333928 53.36036974
55845.58202684 5.62694845 0.49538087 -59.69348048 6736.92685489 53.38331701
55870.49956082 -3.85222205 0.39748176 -59.98679174 6730.48933262 53.45358403
55870.50519642 -3.09981670 0.39129958 -60.71465804 6730.16754660 53.46094769
55874.53298348 1.72640221 0.55048547 -60.41898104 6733.96638069 53.42388369
55874.53820720 3.55731325 0.74108459 -59.13233130 6733.73622068 53.44761023
55878.55031619 3.40356696 0.72519328 -59.99905641 6730.58502104 53.44163673
55878.55573736 5.35590769 0.70458042 -60.37635731 6729.98694683 53.47571150
56020.89351555 4.16917509 0.43435573 -57.78456203 6733.43406117 53.39426537
56020.89893649 3.66148982 0.42442262 -57.19892506 6734.29119509 53.38819847
56022.89017315 0.62189654 0.53247257 -57.55751448 6733.36326135 53.38235917
56022.89565232 -0.22888390 0.59387759 -57.08791704 6733.30112135 53.37740410
56024.89212661 -1.65274779 0.46165730 -56.91891014 6730.20048203 53.38460709
56024.89781582 -0.86738777 0.43970944 -56.42868647 6731.98157870 53.39384726
56028.92303395 1.65475757 0.37659494 -57.76005764 6735.20202519 53.39823493
56029.89366040 1.51186179 0.58139927 -58.90375323 6732.66960117 53.36902791
56029.89912774 0.95173233 0.55592074 -58.15217670 6736.12248283 53.36666133
56031.85373699 2.52631555 0.43993733 -57.19747784 6736.92968132 53.38699118
56052.85783223 -2.39311644 0.43823974 -59.66475150 6736.02345348 53.38714010
56052.86325707 -1.39088165 0.42554838 -59.31343697 6735.63765413 53.38570649
56053.85241373 -3.31579187 0.47492070 -60.20385888 6730.17958032 53.41299800
56053.85788370 0.74315634 0.45059651 -59.51490727 6728.86789391 53.41322526
56054.84068851 -1.39356369 0.29461911 -60.34541886 6733.56084145 53.41806344
56055.88763516 0.15334499 0.28429771 -60.57699314 6732.26754457 53.43274244
56056.81891311 2.54991442 0.47979202 -59.45983917 6737.87838036 53.39759740
56056.82448816 2.09828002 0.43891013 -58.69751444 6734.82709084 53.39078897
56078.84416352 3.17924870 0.35490687 -58.81036836 6735.35162119 53.36202700
56078.84984919 2.83582715 0.34761323 -58.47768946 6736.18459083 53.35533204
56081.83351919 0.86707215 0.42987341 -57.11462602 6735.76881948 53.34580448
56081.83941808 0.57729720 0.35434363 -56.59645815 6735.55192796 53.35840237
56085.82128722 3.62542004 0.47323426 -57.18468677 6737.47785576 53.37791634
56085.82702006 4.37102031 0.49398671 -58.67020863 6738.11545926 53.37604192
56088.74351713 5.91795136 0.30284124 -57.92173298 6742.58831092 53.39911534
56092.90113567 -0.51839146 0.34372393 -59.33162238 6740.50735434 53.40431961
56115.81632050 4.02860876 0.41915590 -57.65588681 6743.29699537 53.32789361
56118.81076487 6.58911869 0.28566730 -58.76493704 6740.86437548 53.34140511
56121.82115130 3.23236648 0.75552263 -59.27162022 6738.04110756 53.33352398
56149.68690577 -1.19432612 0.45488543 -60.01788628 6731.65174418 53.40869184
56154.72427801 4.83618863 0.46610223 -57.54220837 6742.31098329 53.33776748
56154.72922350 5.44539932 0.68355441 -57.85551209 6744.75695659 53.32214124
56166.52833487 -4.59852913 0.35062472 -57.36873452 6739.15647945 53.32818354
56168.61025444 -4.21887207 0.52045494 -57.47172122 6735.50958489 53.37683683
56168.61588433 -3.97452152 0.46169265 -56.93198060 6733.06984019 53.39203035
56171.51134559 0.69288693 0.28978004 -58.25424116 6734.21129112 53.40779623
56173.69562198 4.50091815 0.46773155 -58.48869997 6733.65792844 53.38780195
56181.61365783 1.98412322 0.33432027 -58.24329316 6734.91156020 53.39716173
56186.62453206 7.01273495 0.29794278 -57.89694311 6741.03732460 53.35442678
56189.66762739 7.07189260 0.90787824 -57.82293302 6739.03505243 53.35426143
56190.59364973 2.77688526 0.47074804 -55.83411093 6741.40282075 53.33825351
56190.59932921 1.83828902 0.44328880 -56.60422459 6738.77338965 53.35624273
56195.58705454 1.32482663 0.49034789 -56.74388901 6738.00905906 53.34923433
56195.59257368 1.33970901 0.49088395 -57.14456275 6741.34094022 53.33437942
56198.56487645 6.87604081 0.63374143 -53.18956865 6742.18996804 53.27664336
56198.57065514 8.19178852 0.66756332 -57.51122981 6742.09392671 53.26455016
56204.54797302 3.38546235 0.42178314 -54.94532515 6742.67758494 53.30433200
56205.52398335 0.81653207 0.25307962 -56.82440798 6738.42193421 53.36872953
56208.61652460 -0.92027275 0.50468204 -61.29487260 6743.01053556 53.35189972
56209.54158260 1.02285930 0.56263242 -58.18254029 6749.97373048 53.33205190
56210.53293636 1.43650835 0.46433317 -60.14925326 6750.60924253 53.33244995
56212.52428343 6.55935245 0.26870177 -59.54742204 6746.15508846 53.37841849
56217.52442814 7.92224486 0.40231934 -54.24355843 6745.47561630 53.31434847
56217.53027020 9.68719688 0.39375674 -53.53974932 6748.03300891 53.32017515
56218.58873584 9.58979530 0.42307792 -53.79075002 6752.26139742 53.28110878
56219.50110042 7.82521667 0.27659621 -53.43579916 6746.74672453 53.32757732
56220.49210598 6.03275905 0.42407122 -53.30425218 6746.59583380 53.31475324
56220.51485329 5.71196139 0.35031813 -54.64059532 6745.91611794 53.30855811
56409.86787323 5.22345728 0.65740851 -54.98346046 6746.51687270 53.22322807
56409.87349675 4.16768306 0.63444949 -53.95081121 6748.39518017 53.21933652
56410.79644326 7.02762688 3.38506622 -39.48836927 6755.53123191 52.72808207
56410.80504358 8.17380589 2.52697824 -65.59205098 6760.98950740 52.74838385
56416.82554846 6.01939756 0.59113389 -55.43336732 6742.42169481 53.28911626
56416.82934846 7.67514849 0.58609372 -55.36151802 6739.62706284 53.29927759
56416.83322613 6.57621046 0.60823713 -55.55910770 6744.84256923 53.27877143
56432.88569709 3.96895326 0.42755289 -59.46796502 6739.48512298 53.37015022
56432.89090719 3.88810162 0.48620869 -60.08684739 6739.95690198 53.36318066
56433.90605466 5.50309943 0.78569717 -57.36239703 6738.19814096 53.34215447
56433.91117898 5.02239661 0.85200052 -60.28180800 6742.57291256 53.33803304
56434.89323710 1.71794145 0.51734982 -58.60584507 6737.71298357 53.37102792
56434.89891792 3.08304957 0.50068799 -56.76756282 6738.17834690 53.36761738
56437.88997642 0.15703593 0.43329923 -58.20212442 6741.97841067 53.32894466
56437.89550712 0.86171264 0.39987642 -57.36659577 6740.05219669 53.35154035
56438.86155564 1.85650619 0.35019328 -57.35489541 6742.02547530 53.32534351
56441.86109526 -0.30660090 0.45726190 -56.34678003 6746.06483620 53.29523484
56454.83314825 3.41183611 0.38662153 -56.02286926 6740.71769068 53.30305206
56454.83868023 4.06182705 0.38796320 -55.79259887 6738.11638111 53.31734148
56467.82397492 0.16539539 0.67113096 -61.17553993 6743.53518756 53.33372021
56467.82770785 1.10299250 0.59674705 -57.30295920 6738.88039463 53.33445524
56467.83148557 1.31930922 0.63463353 -58.36969275 6740.29348355 53.34712278
56473.86162442 3.36765492 0.56410124 -58.52213584 6739.55219392 53.36514641
56473.86560859 2.90507163 0.54662343 -58.33652970 6741.17123939 53.37507863
56473.86938154 2.76642323 0.58977228 -62.14508553 6741.47519014 53.33673010
56480.77733564 0.59521657 0.53471805 -56.76417805 6740.45172221 53.34940271
56480.78306955 -0.92731863 0.49745430 -56.02407648 6743.35152079 53.34515147
56481.63228790 -0.79529935 0.66143576 -58.73271839 6744.89330789 53.32326670
56481.63797806 -0.92032516 0.67111649 -59.53705051 6740.39524116 53.32660830
56501.60070775 7.01947181 0.34462200 -57.83281760 6743.96585756 53.32045011
56523.74510127 1.22843463 0.31233906 -59.65417100 6741.14616991 53.35587801
56524.69205658 2.89906017 0.38268069 -58.67618062 6737.10017787 53.39382225
56524.69748143 2.44966465 0.38980160 -58.27849415 6739.47538890 53.37408881
56525.74452896 2.57494986 0.34855177 -58.13299378 6742.21646282 53.35781522
56569.53484208 1.70718121 0.57677613 -60.68362168 6743.60801811 53.33518147
56585.56544589 6.40521146 0.45927676 -57.76214606 6739.23097816 53.36095193
56585.56925499 5.04958285 0.44600072 -58.48367909 6735.65409910 53.37775766
56585.57313644 5.41135114 0.45417275 -59.60498152 6738.53985902 53.38257985
56586.54847279 4.30891540 0.50006629 -57.20028160 6738.37342741 53.37268016
56586.55231615 4.37355024 0.53351862 -57.70367786 6739.24563744 53.36972856
56586.55622516 3.80782639 0.55300041 -58.26455617 6737.13588428 53.37631409
56590.51174357 7.17745555 0.72900681 -56.71264128 6740.87160852 53.38372572
56590.51572455 7.82990778 0.81063276 -59.65243384 6736.79609201 53.38396914
56590.51939860 6.98082994 0.68759583 -59.55340113 6736.40613288 53.38903283
56765.91856864 0.90919286 0.38857837 -59.68870971 6739.58929147 53.36171217
56765.92379919 0.61359953 0.39177142 -60.46445126 6739.10724992 53.35851103
56789.85492455 7.76053405 0.42485795 -57.60265324 6740.78090952 53.34596650
56789.86050567 7.84206775 0.43875869 -59.07912403 6739.89193328 53.34454144
56806.89096414 2.13677905 0.45658087 -60.11539355 6741.91959548 53.35331459
56829.89414241 4.41849151 0.30249238 -60.04903638 6738.74438314 53.38423818
56857.74949027 5.30932697 0.49540723 -58.30617475 6737.29749988 53.37885528
56857.75521810 5.97226428 0.48483995 -59.92567996 6738.01635270 53.36781383
56866.78540951 0.27440845 0.39649335 -59.68350958 6737.79685837 53.39693920
56896.72872074 2.67363894 0.56538555 -58.55538625 6741.12970550 53.36194864
56896.73406851 3.22696657 0.69513224 -58.94002841 6741.61029463 53.34305343
57146.92067617 3.01568106 0.30318006 -58.07291657 6746.07669389 53.34638277
